0,572
25,10
25,9
25,8
25,7
0,570
0,569
0,559
0,554
0,546
0,528
0,514
140,44
140,43
140,42
140,41
140,40
140,39
140,38
140,37
140,36
140,35
3,2
10,233
10,204
10,86
10,222
10,126
10,160
10,218
10,2
10,3
11,17
11,22
11,27
11,2
11,3
9,7
9,4
9,1
9,6
9,2
9,3
8,5
8,16
8,18
8,7
8,11
122,6
122,5
122,4
122,3
8,2
122,2
8,3
122,1
0,433
122,0
109,5
109,4
109,3
109,2
109,1
109,0
108,5
108,4
108,3
108,2
108,1
108,0
107,5
107,4
107,3
107,2
107,1
107,0
106,5
106,4
106,3
106,2
106,1
106,0
105,5
105,4
105,3
105,2
105,1
105,0
103,4
103,3
103,2
103,1
103,0
102,5
102,4
102,3
102,2
102,1
102,0
101,5
101,4
101,3
101,2
101,1
101,0
100,5
100,4
100,3
100,2
100,1
100,0
99,5
99,4
99,3
99,2
99,1
99,0
98,5
98,4
98,3
98,2
98,1
98,0
97,5
97,4
97,3
97,2
97,1
97,0
96,5
96,4
96,3
96,2
96,1
96,0
36,3
36,1
27,3
27,1
26,15
26,14
26,13
26,12
26,10
26,9
26,8
26,7
26,6
26,3
26,1
25,11
25,6
25,5
